28.39798164
25.37673378
22.82227325
20.64639664
18.80611801
17.21211052
15.83996391
14.65004539
13.59343338
12.67144203
11.85340023
11.12364864
10.47763252
9.87870121
9.329612732
8.81969738
8.34697628
7.922028542
7.528290272
7.16650629
6.82434082
6.506221294
6.216915607
5.949746609
5.705763817
5.478468895
5.271337032
5.08550024
4.917307377
4.769977093
4.638999462
4.522102833
4.416680336
4.313513756
4.216035366
4.122422218
4.036748409
3.960145473
3.887765884
3.819902897
3.75293684
3.689822912
3.630779982
3.573808432
3.516908407
3.4602108
3.405353308
3.353986263
3.303748846
3.254949808
3.208110571
3.158661842
3.107519388
3.054131746
3.000199318
2.944963217
2.892416
2.841458082
2.79206872
2.744867802
2.699921608
2.656280041
2.613679647
2.572088242
2.531507969
2.491906404
2.453276873
2.415600061
2.378855705
2.343038082
2.308116674
2.274090767
2.240931273
2.208628654
2.177165031
2.146520615
2.116688251
2.087639093
2.059370995
2.031855106
2.005082369
1.97903502
1.953693151
1.929048657
1.905074477
1.881766081
1.859097242
1.837057114
1.815628409
1.794791579
1.774537802
1.754841208
1.735695362
1.717076063
1.698971152
1.681363702
1.664234757
1.647574067
1.631357789
1.61557734
1.600210071
1.585242867
1.570659518
1.556441188
1.542576313
1.52904284
1.515830159
1.502917647
1.490291119
1.477934361
1.465829015
1.453962684
1.442314744
1.430872679
1.419617534
1.408534288
1.397606492
1.386817336
1.3761518
1.365592003
1.355123281
1.344674945
1.334066749
1.323411942
1.31283021
1.302348137
1.291984797
1.281674623
1.271322727
1.260864258
1.250155568
1.238792062
1.227551222
1.216613531
1.206175089
1.196339369
1.187152863
1.178630352
1.170726061
1.163318276
1.156265259
1.149221063
1.142601252
1.136444092
1.130766869
1.125525594
1.120726228
1.116277456
1.112085342
1.108050823
1.104046583
1.099735141
1.095537424
1.091585159
1.087927222
1.084599495
1.081616282
1.07891953
1.076468945
1.074163318
1.071913362
1.069521189
1.067214727
1.064984441
1.062830091
1.060735106
1.058670282
1.056579828
1.054412961
1.052093387
1.049549222
1.046563029
1.043458939
1.040331125
1.037235498
1.034243822
1.031391621
1.028662443
1.026075602
1.023601174
1.02121985
1.018790007
1.016451955
1.014263749
1.012250185
1.010426641
1.008790374
1.007324457
1.006009579
1.004793644
1.003651142
1.00245595
1.001430511
1.000635862
1.000139475
1
1.000231147
1.000856161
1.001891971
1.0033288
1.005168796
1.007287979
1.009848595
1.012871504
1.016360044
1.020291567
1.024619818
1.029282689
1.034203529
1.039290547
1.044458747
1.049520969
1.054551721
1.059504151
1.064336896
1.068999052
1.073426127
1.077571511
1.081362247
1.084745526
1.087677836
1.090029478
1.091912746
1.09335196
1.094394445
1.095065951
1.095420003
1.095493913
1.095347762
1.095035076
1.0946064
1.094055772
1.093553185
1.093176603
1.093004942
1.09310317
1.093502522
1.094228268
1.095274329
1.096649528
1.0983392
1.100260258
1.10248661
1.105016828
1.107847452
1.11096251
1.1143502
1.117966175
1.121800303
1.125816464
1.129976153
1.134204149
1.138545275
1.143011928
1.147601247
1.152314663
1.157139897
1.162060261
1.167071342
1.172160983
1.177312732
1.182466269
1.187671304
1.192942262
1.198292732
1.20372355
1.209231257
1.214805961
1.220458031
1.226170182
1.231922865
1.237681746
1.243500113
1.249391079
1.255357504
1.261408091
1.267536998
1.273739576
1.280007482
1.286330223
1.29269135
1.299049139
1.305439472
1.311879873
1.318383932
1.324953914
1.331607699
1.338341475
1.345164657
1.352063775
1.359037757
1.366079092
1.373223901
1.380481482
1.387853503
1.395345092
1.402954817
1.410669923
1.418478012
1.426373124
1.434333682
1.442330718
1.450392485
1.458528042
1.46674335
1.475050449
1.483448267
1.491935611
1.500510812
1.509173274
1.51793468
1.526786804
1.535750031
1.544825077
1.554018855
1.563333631
1.57277751
1.5823493
1.592043638
1.601858735
1.611777544
1.621775985
1.631872892
1.642065883
1.652371287
1.66278863
1.673309445
1.683930874
1.694658875
1.705493927
1.716441035
1.727481246
1.738626122
1.749889612
1.761277556
1.772809148
1.784502149
1.79635036
1.808339357
1.820463061
1.832719088
1.845084429
1.857587695
1.870221376
1.882990479
1.895877242
1.908874631
1.921984076
1.935209751
1.948546171
1.961984158
1.975521445
1.989163041
2.002901554
2.016745806
2.030692339
2.044733286
2.058852196
2.073047876
2.087328434
2.101694345
2.11612916
2.130649805
2.145237923
2.159892082
2.174618483
2.1894238
2.204315662
2.21930337
2.234395266
2.249594688
2.264928818
2.280390024
2.295972586
2.311693668
2.327558041
2.343583584
2.359796762
2.376199961
2.392808676
2.409609795