2.496521235
2.463137388
2.502937317
2.486802101
2.470767498
2.461355686
2.449978352
2.403098345
2.393301487
2.394923687
2.395923853
2.408069134
2.403821945
2.432925463
2.42002368
2.409861088
2.414227486
2.386919498
2.40311265
2.389367342
2.354123592
2.320634365
2.31864357
2.316475391
2.347808838
2.338204145
2.331309557
2.320901155
2.306541681
2.292168617
2.299268723
2.336707592
2.341776371
2.333963394
2.339205265
2.326063156
2.308223724
2.28567934
2.247373104
2.224510908
2.235465288
2.220298052
2.252626657
2.256050348
2.278942108
2.264271736
2.253272295
2.251318216
2.227674723
2.211456776
2.230786324
2.211053133
2.200067759
2.174740314
2.16296649
2.169359922
2.157552242
2.179616928
2.18601203
2.173793793
2.125364304
2.141133785
2.13855195
2.139076471
2.144762993
2.13684392
2.129714966
2.140226364
2.162094116
2.13718009
2.127379656
2.114506245
2.110927343
2.093984365
2.059172392
2.056463242
2.037715673
2.031558514
2.023849487
2.039252043
2.057828426
2.04946661
2.081350565
2.063165665
2.061392307
2.047534943
2.040884972
2.03229785
1.988133669
1.973227143
1.977561474
1.965075612
1.968388438
1.946043849
1.940294504
1.929966688
1.902260184
1.923957825
1.907216787
1.906733394
1.872660756
1.858223677
1.84349072
1.824141622
1.824779272
1.79325068
1.803135037
1.80904448
1.816417456
1.80249536
1.803293228
1.799103856
1.792283297
1.783608317
1.782105207
1.780572653
1.780323982
1.796543002
1.795183301
1.803484917
1.814522028
1.831973791
1.827868938
1.823976636
1.813278437
1.836432099
1.843265653
1.852865815
1.871310592
1.874975801
1.882418394
1.886111498
1.889337778
1.887628317
1.893727541
1.905025005
1.888725638
1.877544761
1.876051188
1.89099741
1.864386559
1.879080653
1.893078208
1.895770073
1.915481329
1.923032522
1.937839985
1.95196557
1.950256467
1.943078995
1.951260448
1.948922515
1.954260111
1.929153323
1.931824923
1.919195294
1.910358548
1.888851523
1.898290873
1.894646883
1.919553518
1.932967186
1.929327965
1.922368288
1.921147943
1.908097863
1.919630289
1.912840247
1.916878223
1.906089425
1.908177972
1.899734616
1.891750216
1.900059938
1.913130999
1.923890114
1.919237256
1.93217051
1.94340241
1.948409438
1.945812106
1.940374613
1.93685925
1.928663254
1.929846644
1.931169271
1.934398055
1.93628633
1.938693404
1.941313505
1.942890882
1.940363765
1.93730545
1.940677404
1.93866086
1.928156137
1.915240526
1.91688025
1.902460575
1.893851995
1.897741795
1.887756824
1.875676751
1.883035183
1.888682365
1.894206047
1.889160991
1.894108772
1.896030545
1.885508776
1.880765915
1.867219567
1.840143561
1.832737684
1.8347857
1.818488002
1.80889082
1.798378229
1.776058435
1.757603765
1.749608874
1.733693957
1.723561645
1.716402411
1.708251238
1.689381242
1.673574805
1.677283525
1.663620114
1.665602326
1.659225702
1.652587295
1.642615438
1.638199806
1.626819253
1.620334268
1.613008499
1.595932603
1.582372546
1.585216761
1.585312366
1.584303737
1.591658115
1.588675737
1.588376284
1.588527679
1.58099556
1.579575777
1.580918312
1.579823136
1.582350016
1.582492709
1.581760764
1.583051085
1.581793666
1.583220243
1.588210702
1.588781953
1.587579966
1.589241862
1.585967779
1.571598172
1.560013175
1.558717132
1.561307311
1.566985965
1.56496191
1.57461071
1.578037858
1.574360132
1.574911118
1.582451105
1.580495119
1.578175902
1.57971561
1.576698899
1.567751527
1.56719017
1.561719656
1.561585665
1.557678938
1.557076812
1.551292181
1.543863416
1.540740132
1.537419081
1.53304255
1.533691525
1.522384882
1.525884748
1.520046115
1.520614266
1.522879362
1.523263693
1.522566915
1.519339204
1.515901923
1.510842681
1.507216573
1.509633541
1.508553982
1.508386016
1.512045264
1.510321736
1.49743247
1.48752737
1.470657468
1.466162443
1.465465307
1.461116672
1.46323967
1.460975766
1.454726338
1.450611115
1.438910961
1.427995205
1.424786687
1.422412157
1.406010389
1.395611405
1.38234365
1.374507546
1.368186235
1.37054956
1.369957209
1.370116234
1.367633462
1.364166498
1.354884744
1.351005673
1.353338003
1.339553237
1.340297461
1.325953007
1.319780946
1.316974521
1.311091065
1.30268836
1.29837966
1.295821905
1.29095602
1.278715014
1.275533557
1.265810966
1.263749957
1.251322031
1.24710691
1.238788247
1.237413168
1.228604794
1.216712832
1.207625866
1.203148246
1.197975516
1.194998026
1.183865905
1.177949905
1.172471642
1.167928457
1.155064821
1.149974346
1.139654279
1.133624911
1.123361349
1.110406518
1.101349235
1.101049304
1.090653777
1.077654362
1.070550919
1.064761758
1.059158325
1.047525525
1.042641521
1.03112936
1.024222851
1.014921665
1.004636168
1.006468773
1.004230738
1